"time" "S" "E" "I_symp" "I_asymp" "R" "Cumulative" "Incidence_reported" "Incidence_non_reported" "Datum"
48 2374549 0 1 0 0 1 0 0 2020-02-17
49 2374547.60027472 1.27167300188305 0.906409994664751 0.122251850870221 0.0993904273175824 2.39972527557984 0.00316671512233623 0.246180932305713 2020-02-18
50 2374545.99833308 2.50523423590035 0.824630063716192 0.458612883959712 0.213189738506374 4.00166692305356 0.00623852446979107 0.484983874726356 2020-02-19
51 2374543.88353886 3.98954210509055 0.753805206464678 1.00960990739184 0.363503921358589 6.11646114103496 0.00993474210483334 0.77232841575606 2020-02-20
52 2374540.90958631 5.99546557644525 0.693809939576407 1.82610764404221 0.575030525942258 9.09041368681937 0.0149298848668342 1.16065160071067 2020-02-21
53 2374536.62601687 8.84123593386755 0.64521801025808 3.00756037455228 0.879968815504448 13.3739831349812 0.0220164110510035 1.71155926225636 2020-02-22
54 2374530.40449781 12.9511458606589 0.609418560896026 4.71159155173204 1.32334621420106 19.5955021884292 0.0322508926334054 2.50718947220167 2020-02-23
55 2374521.34519338 18.9220904295482 0.588867223379497 7.174010653037 1.96983831688047 28.654806623701 0.0471197153833848 3.66309409433195 2020-02-24
56 2374508.14837655 27.6100569103208 0.587492705383191 10.7408707149534 2.91320311364444 41.8516234452836 0.0687544554433479 5.34498219363916 2020-02-25
57 2374488.93342939 40.2492930343388 0.611306240726721 15.9162537900481 4.28971754681427 61.0665706126019 0.100228631673746 7.79178961035347 2020-02-26
58 2374460.98184682 58.6196411997501 0.669290284867182 23.4317262251872 6.2974954720587 89.0181531826966 0.145974400634672 11.348072893434 2020-02-27
59 2374420.37330245 85.2817572722157 0.774676064434017 34.3459885706458 9.22427564415403 129.62669755239 0.212368297521008 16.5095448931095 2020-02-28
60 2374361.47325751 123.905920544236 0.946764403225461 50.1867281508987 13.4873293877758 188.526742487215 0.308550037433685 23.9867285006517 2020-02-29
61 2374276.21858166 179.726638795801 1.21349665613527 73.1507564737454 19.6905264165076 273.781418344006 0.447554571118955 34.7929628398224 2020-03-01
62 2374153.13400273 260.161805420166 1.61504857581192 106.383643661375 28.7054996121713 396.865997271612 0.647853907614922 50.3642648022215 2020-03-02
63 2373976.00037448 375.6390567408 2.20879020151887 154.365524184372 41.7862543926543 573.999625521246 0.935414906001601 72.7193021019985 2020-03-03
64 2373722.09022831 540.669115695133 3.07602315749907 223.435057453196 60.7295753845264 827.909771692473 1.34637211163298 104.667179985452 2020-03-04
65 2373359.89708056 775.188663806742 4.33094312616556 322.48635462991 88.096957876585 1190.10291944165 1.930371770656 150.067405446352 2020-03-05
66 2372846.3261281 1106.15316022342 6.13224314222612 463.871185886509 127.517282645616 1703.67387190042 2.75453826173282 214.138238252663 2020-03-06
67 2372123.4075871 1569.27761356832 8.69759624843622 664.525013956542 184.092189125343 2426.59241290111 3.90780895927798 303.793683897256 2020-03-07
68 2371114.76225977 2210.68715772016 12.3208442461909 947.303385682847 264.926352579383 3435.23774023075 5.50504449079333 427.963025650414 2020-03-08
69 2369722.31633788 3088.03791527768 17.3909279378377 1342.45369453347 379.801124373955 4827.68366212491 7.68981990667188 597.807810539933 2020-03-09
70 2367824.10417794 4270.4342867213 24.4103907620019 1889.0537669552 541.997377621817 6725.89582206216 10.6342187139923 826.705837505871 2020-03-10
71 2365274.39071967 5836.23478576354 34.0095631949036 2636.11466025638 769.2502711155 9275.60928033199 14.5333689763131 1129.82639293811 2020-03-11
72 2361907.58197479 7867.78633966608 46.9506772948993 3642.90061869095 1084.78038955226 12642.4180252058 19.5923306889724 1523.11087316712 2020-03-12
73 2357547.29020183 10442.3972229196 64.1146743858668 4977.90358279434 1518.2943180677 17002.7097981693 26.003616613937 2021.52525062519 2020-03-13
74 2352021.19823907 13619.6526013646 86.4633142534978 6715.89762663182 2106.7882186786 22528.8017609306 33.9156054975159 2636.60451241712 2020-03-14
75 2345180.87805588 17426.5148878806 114.971739103597 8932.69653652114 2894.93878061021 29369.1219441174 43.3954390345262 3373.56826447148 2020-03-15
76 2336923.75689105 21843.1844745506 150.532327345433 11697.6794498366 3934.84685721551 37626.2431089501 54.3938123189789 4228.58353563211 2020-03-16
77 2327212.6366892 26793.7747923064 193.839177674849 15064.8106844781 5284.93865634166 47337.3633108032 66.7217529141749 5186.95957891062 2020-03-17
78 2316087.60564207 32145.6369751152 245.271165140864 19063.5485488717 7007.93766880477 58462.3943579346 80.0489391341105 6223.0171344179 2020-03-18
79 2303666.3511235 37719.363455783 304.797454114553 23691.4999503548 9167.98801624904 70883.6488765031 93.9286109585183 7302.02500782245 2020-03-19
80 2290131.97222186 43308.359908758 371.927641308807 28910.5445464534 11827.1956816157 84418.0277781379 107.846308008084 8383.98896821898 2020-03-20
81 2275710.8227163 48703.9179158665 445.72073800624 34647.5330615886 15042.0055682399 98839.1772837033 121.282305398334 9428.50552124216 2020-03-21
82 2260645.58334903 53720.0695201811 524.853601346986 40799.6071795481 18859.8863498895 113904.416650968 133.773506452216 10399.5734582892 2020-03-22
83 2245169.46864397 58212.9062572742 607.735920362745 47243.1386060887 23316.7505722978 129380.531356025 144.961550875957 11269.3337936876 2020-03-23
84 2229486.20500985 62091.1607460676 692.649952181198 53844.592210803 28435.392081095 145063.794990149 154.61916499511 12020.1182361946 2020-03-24
85 2213758.10958198 65317.5182726142 777.890900353172 60471.4390851107 34225.0421599417 160791.890418021 162.653427855333 12644.7030961867 2020-03-25
86 2198102.31051523 67902.3564393793 861.886870028157 67001.4818988717 40681.9642764849 176447.689484766 169.090181721592 13145.0973554116 2020-03-26
87 2182593.3250895 69892.8236136605 943.286845993674 73329.6943472698 47790.8701035743 191956.6749105 174.046835273233 13530.4283830916 2020-03-27
88 2167269.72133458 71360.2008605302 1021.01167970465 79372.1849088258 55526.8812163565 207280.278665418 177.700892338967 13814.4953548238 2020-03-28
89 2152142.57082749 72387.9157283976 1094.27066621388 85067.4855551583 63857.7572227369 222407.429172508 180.260103872676 14013.4488624798 2020-03-29
90 2137203.94254749 73061.6756989791 1162.55050294991 90375.6934196408 72746.1378309355 237346.057452507 181.937898309222 14143.8808661965 2020-03-30
91 2122434.35391583 73462.3179166746 1225.58510690229 95276.1243941982 82151.6186663977 252115.646084174 182.935575988582 14221.4404861045 2020-03-31
92 2107808.67953079 73661.3304910199 1283.31472596659 99764.134451114 92032.5408011108 266741.320469213 183.431156320775 14259.9669791733 2020-04-01
93 2093300.43429195 73718.6667353807 1335.84087475906 103847.616357273 102347.44174064 281249.565708054 183.573934811634 14271.0666015375 2020-04-02
94 2078884.59444916 73682.2371998353 1383.38308357619 107543.637341527 113056.147925902 295665.405550841 183.48321812508 14264.0142720387 2020-04-03
95 2064539.24600055 73588.5800808809 1426.2396312085 110875.386466546 124120.547820812 310010.753999448 183.249993534743 14245.8833556576 2020-04-04
96 2050246.35709233 73464.2002956422 1464.75452902933 113869.607974918 135505.080108079 324303.64290767 182.940263481305 14221.804892527 2020-04-05
97 2035991.96428222 73327.1864432708 1499.29145058835 116554.574579093 147176.983244832 338558.035717785 182.599072123439 14195.2806226355 2020-04-06
98 2021765.97827683 73188.8948610138 1530.2138606528 118958.542696654 159106.37030485 352784.021723171 182.254698967623 14168.5089992704 2020-04-07
99 2007561.78932107 73055.5075068131 1557.87100990813 121108.663682243 171266.168479961 366988.210678926 181.92253830128 14142.6867767601 2020-04-08
100 1993375.77912827 72929.3940251344 1582.58877866531 123030.272021435 183631.966046497 381174.220871733 181.608491003766 14118.2726903951 2020-04-09
101 1979206.82113478 72810.2511222162 1604.66414798881 124746.455520366 196181.80807465 395343.178865222 181.311801814146 14095.2080260714 2020-04-10
102 1965055.80903582 72696.0003197157 1624.36284855174 126277.872531864 208895.955264048 409494.19096418 181.027294913802 14073.0904148344 2020-04-11
103 1950925.23282068 72583.4880903316 1641.91901148143 127642.724816223 221756.635261283 423624.76717932 180.747117401414 14051.3093708989 2020-04-12
104 1936818.81736844 72469.0065869072 1657.53624629357 128856.841343671 234747.798454686 437731.182631559 180.462036010534 14029.1470986772 2020-04-13
105 1922741.22145548 72348.663761978 1671.38972191079 129933.840076425 247854.884984201 451808.778544515 180.162358779828 14005.8501435688 2020-04-14
106 1908697.78971883 72218.6420412989 1683.62875267878 130885.329009031 261064.610478164 465852.210281174 179.838579200882 13980.6794681126 2020-04-15
107 1894694.35558817 72075.3611492589 1694.37967345251 131721.129680748 274364.773908373 479855.644411833 179.481781685409 13952.9419730712 2020-04-16
108 1880737.08196595 71915.5816988881 1703.74870047103 132449.49958289 287744.088051796 493812.918034046 179.083899524682 13922.0105512377 2020-04-17
109 1866832.33650839 71736.4567581368 1711.82473397832 133077.350037261 301192.03196223 507717.663491607 178.637843299674 13887.3340700605 2020-04-18
110 1852986.59467172 71535.54997706 1718.68194755556 133610.44749326 314698.7259104 521563.405328277 178.137546021306 13848.4408808532 2020-04-19
111 1839206.36063224 71310.8325295346 1724.38221395224 134053.602114265 328254.822510004 535343.639367756 177.577955514723 13804.938226747 2020-04-20
112 1825498.10880377 71060.6655087175 1728.97716461586 134410.827887402 341851.420635497 549051.891196233 176.954990580532 13756.5088346582 2020-04-21
113 1811868.23867382 70783.7716642561 1732.51003310373 134685.485932161 355479.993696655 562681.761326177 176.265470614912 13702.9054439451 2020-04-22
114 1798323.03501901 70479.2046030128 1735.01735394669 134880.416571744 369132.326452287 576226.964980992 175.507038913385 13643.9448440303 2020-04-23
115 1784868.63911821 70146.3171196978 1736.53030991287 134998.044070775 382800.469381404 589681.36088179 174.678083807875 13579.5017435838 2020-04-24
116 1771511.02566577 69784.7289639586 1737.0759075478 135040.468023079 396476.701439641 603038.974334227 173.777658400446 13509.502530611 2020-04-25
117 1758255.98427356 69394.2958429666 1736.67797353391 135009.54080984 410153.5011001 616294.015726442 172.805403373662 13433.9192717178 2020-04-26
118 1745109.10445007 68975.0810709705 1735.35798042416 134906.931793174 423823.52470536 629440.89554993 171.761476392417 13352.7642237979 2020-04-27
119 1732075.76637054 68527.3275969983 1733.13574326413 134734.181472549 437479.588816649 642474.233629461 170.646482447427 13266.0844189248 2020-04-28
120 1719161.11618383 68051.4445014875 1730.02991719985 134492.740169191 451114.66922829 655388.883816169 169.461440229194 13173.9590502585 2020-04-29
121 1706370.08257581 67547.9681823511 1726.05857695229 134184.013075982 464721.8775889 668179.917424186 168.207685473698 13076.4919581246 2020-04-30
122 1693707.35607067 67017.555638389 1721.23947845123 133809.380597005 478294.468215483 680842.643929329 166.886854236773 12973.8103297611 2020-05-01
123 1681177.38483102 66460.9666944903 1715.59036631532 133370.222251742 491825.835856429 693372.615168978 165.500838631378 12866.0612583275 2020-05-02
124 1668784.38424368 65879.0451659024 1709.12917320905 132867.932173812 505309.509243393 705765.615756317 164.051739922933 12753.4080965285 2020-05-03
125 1656532.31395607 65272.7115417566 1701.87423150028 132303.935565328 518739.164705345 718017.68604393 162.541850309864 12636.0290402306 2020-05-04
126 1644424.86960948 64642.9525737226 1693.84441233861 131679.699509219 532108.633895235 730125.130390516 160.973626997309 12514.1151129483 2020-05-05
127 1632465.5130801 63990.7997773359 1685.0591848692 130996.737573478 545411.890384222 742084.486919905 159.349638661209 12387.8660039537 2020-05-06
128 1620657.45995974 63317.3271304536 1675.53865220127 130256.612607387 558643.061650218 753892.54004026 157.672559717012 12257.4896227249 2020-05-07
129 1609003.6626092 62623.6457063084 1665.3036178597 129460.941907578 571796.446159053 765546.337390799 155.945156954925 12123.2010599683 2020-05-08
130 1597506.84093517 61910.8900755052 1654.37554008372 128611.393665841 584866.499783403 777043.159064833 154.170255678219 11985.2199552052 2020-05-09
131 1586169.46793278 61180.2148949098 1642.77655592894 127709.688842852 597847.851773526 788380.532067217 152.350731208893 11843.7698364205 2020-05-10
132 1574993.77782742 60432.7878766511 1630.52944185322 126757.598104398 610735.306749675 799556.222172578 150.489491379112 11699.0767589446 2020-05-11
